1101	0	0	0	0	2	台泥:2019年前三季合併稅後淨利177億元、成長11%，EPS3.24元、再創新高
1102	0	0	0	0	2	亞泥:法人估，今年兩岸水泥市場都好，亞泥全年獲利至少會有160億元以上，EPS可達5元
1216	0	0	1	0	1	鴻海:本益比9.49倍，股價淨值比1.02倍，EPS連續4季較去年同期成長。
1326	0	0	1	0	0	台化:台化副董事長洪福源表示，11月營收為239.35億元，年減28.7%，減幅為台塑四寶最高，月減3.8%，不過最主要仍是受到美中貿易紛爭不確定因素及大陸新產能投產　
2105	0	0	0	0	1	正新:1.當季EPS創歷史新低2.當季EPS創8季新低。"
2207	0	0	2	1	1	和泰車:EPS連續3季成長、當季EPS創歷史新高。
2633	0	0	0	0	1	台灣高鐵:現金股利殖利率2.9%，低於52%的公司，負債比83.88%
2912	0	1	2	0	1	統一超:1.毛利率連續2季較去年同期成長。根據統計：這類股票未來90天股價平均漲幅比其他股票多2.22%2.當季毛利率是近6季新高。根據統計：這類股票未來90天股價平均漲幅比其他股票多2.35%3.負債比減少1.08%。根據統計：這類股票未來90天股價平均漲幅比其他股票多1.56%4.大股東持股比例增加"
9904	0	0	0	0	2	寶成:連3季EPS較去年同期成長，大股東持比增加，但當季營業亦用率創8季新低，且Q3獲利主要來自業外。NIKE鞋類開出佳績，供應鏈寶成業績看俏
9910	0	1	2	0	1	豐泰:當季EPS創歷史新高，連續4季EPS較去年同期成'長。NIKE鞋類開出佳績，供應鏈豐泰業績看俏
2317	1	1	1	0	1	鴻海:本益比9.49倍，股價淨值比1.02倍，EPS連續4季較去年同期成長。
2330	1	1	2	0	1	台積電:第四季創下股價新高，外資持續看好
2357	1	0	2	0	2	華碩:營收年增近8%，連續五個月營收較去年同期成長，手機和筆電事業初步顯示轉型成功
2395	1	1	2	0	1	研華:營收創新高，可望突破500億元，且近5年營收年複合成長率達9.7％，毛利率及營益率長期維持在40％、15％，ROE則保持在20％以上，營收成長率及獲利結構遠優於同業，本益比將維持在20_30倍。
2474	1	0	2	0	1	可成:自iPhone6以來，受惠執行力優異，市占不斷擴大，然而這項趨勢將從2020年新款iPhone開始反轉，原因在於iPhone機殼毛利率降低，與可成經營團隊強調的改善獲利策略相牴觸
3008	1	1	2	0	1	大立光:看好多鏡頭趨勢，大立光匯百億元資金回台擴充產能
3045	1	1	2	0	1	台灣大:EPS連續兩季成長，連續五年高股利
3711	1	0	1	0	2	日月光:EPS連續兩季成長，大股東持股比例增加，與子公司日月暘電子股份有限公司通過簡易合併案
4938	1	0	1	0	2	和碩:董監持股比例上升，EPS連續兩季成長，不過2019Q1獲利多來自業外，且五年內有三年現金流為負。預計貧果明年出IPHONE新機，和碩可受惠
5880	2	0	0	0	1	合庫金（泛公股銀行）:EPS連續3季成長，金管會核准合庫銀申設美國境外休士頓分行
2892	2	0	0	0	1	第一金（泛公股銀行）:EPS與營業利益率連續三季成長，且連四季比去年同期高，雖負債比高，股價成長有限，仍可持續獲利；經綜合評估，股利發放、殖利率與年增率表現良好，適合作為成長型投資標的
2823	3	0	0	1	2	中壽:EPS與營業利益率連續三季成長，且連兩季比去年同期高，雖負債比高，股價成長有限，仍可持續獲利
2881	3	1	0	0	2	富邦金:EPS與營業利益率連續三季成長，且EPS連兩季比去年同期高，十月每股純利高於其他金融股
2882	3	1	0	1	0	國泰金:獲利能力好，EPS連三季成長
2883	3	0	0	0	1	開發金:EPS連三季成長，近日股價下跌
2884	3	0	0	0	1	玉山金:EPS與營業利益率連四季較去年同期成長，適合偏好短期成長者投資
2885	3	0	0	1	1	元大金:近期積極推動金融科技，EPS與營業利益率連續三季成長，且連兩季比去年同期高，適合偏好短期成長者投資
2887	3	1	0	0	1	台新金:台新金積極拓展海內外事業，10月自結稅後純益12.63億元，月增約33%，累計前十月稅後純益131.80億元，年增10%，每股純益1.09元
2891	3	1	0	0	1	中信金:營業利益率連續三季成長，且連兩季比去年同期高，但現金流為負，較適合長期持有
5871	3	0	2	1	1	中租-KY:重要子公司MyLeasing(Mauritius)Corp.董事會決議辦理現金增資美金9,000仟元，須注意子公司有無營運危機"
5876	3	1	1	1	2	上海商銀:金管會擬鬆綁法令，上海商銀樂漲